5129
999
277
275
1587
8002
1242
7851
2317
3076
4588
2307
2754
354
1080
5419
4846
2770
1733
5800
4076
1796
3552
2915
2179
1919
2391
5497
6758
7281
2640
4589
2422
2752
3617
801
5653
2377
881
2157
1204
4476
511
1007
6415
3441
2101
4086
5223
141
1558
3611
217
1409
2884
1649
4115
6783
3384
5942
5599
1334
2700
4729
1907
4386
6956
5727
2546
2196
3625
1688
505
6052
2755
4219
5061
5243
3686
4718
4129
3849
1732
656
3882
4415
7519
6012
5458
2553
4816
3238
1090
1388
7298
2593
3942
5955
6157
5482
7120
1961
3398
3565
6406
6202
3579
1484
6046
4090
5152
534
5407
4094
5898
6117
6496
2820
5858
3101
1587
5232
1266
4691
3028
2267
4880
5783
4921
3899
3061
4293
774
6676
5379
3256
4295
6748
5817
5338
2523
5086
2996
3462
5372
7528
4388
5271
6967
6521
3901
2713
7199
3121
5599
2373
3243
5242
7531
787
1722
7870
6617
5845
3464
2018
2006
4581
1692
1652
319
5523
2246
3957
4191
5188
5753
780
6877
846
2869
5284
7146
7355
3281
1270
2735
6782
6408
7671
8216
6696
1386
8882
4799
5594
1481
461
6869
5524
3553
6493
5696
6503
4841
3226
2682
6837
3123
6575
6579
5315
3174
3934
4785
5132
4459
7724
2099
5339
8507
5787
2242
6123
1446
5923
3033
1372
7872
1952
1974
3514
6965
3013
3724
3268
4056
1965
4601
4289
2438
6043
1267
7069
4504
1652
5840
3787
5818
5493
4101
3156
2133
3359
705
4746
1270
8104
2940
2176
1664
3435
5651
2790
7438
5893
4986
5143
5919
1398
7457
4471
1848
4033
2492
2904
3824
2324
3330
5398
1858
1035
3724
6283
5937
2133
3338
5672
3995
5776
5252
6043
3332
7277
2656
5421
6124
1802
5412
5353
4996
868
2572
4179
4915
6583
4222
3730
2787
1718
4902
3261
2721
7652
5627
3186
1432
5793
3772
3690
818
2784
5497
2496
5972
5208
4164
1771
4466
4386
7197
1232
7597
3830
2033
2026
2870
3627
6277
2747
1259
703
1016
1882
6779
3794
5607
3293
7300
7547
4844
4100
6226
6200
6240
2726
6570
3273
1050
5050
5482
7324
5310
5753
1930
4207
4589
1370
2686
3448
2593
6672
6030
4873
7004
1690
3807
4662
4652
4629
4283
5826
2524
8123
7669
3505
1962
1757
4715
6219
2944
1115
4740
3167
5071
2602
1614
2371
1746
5573
3579
3877
2521
3152
5052
4986
6878
6730
2728
2961
7521
3326
2710
2004
2187
6214
6729
3952
3895
1845
6390
3459
1817
3398
2372
2008
6427
5043
6434
6375
3164
5775
2894
6366
2536
3806
5666
3882
2844
6345
2471
1550
4013
5747
1646
1298
5574
3214
2585
4913
2266
1288
7024
4208
5692
5514
8106
4542
591
3296
1905
6947
1620
2073
582
3639
3093
4301
2780
4925
1319
4765
3032
2468
5757
7351
1706
1380
3648
6072
5363
5953
1254
5532
5282
6813
5868
5350
1413
3151
2279
790
1832
5508
4096
3609
3475
2841
4758
6771
5339
4546
3596
5615
8012
1821
8248
7619
3198
6169
2102
5365
4010
6819
317
3049
2203
4582
4460
2074
2560
1907
2799
2318
5232
1048
6472
7351
1842
784
2045
3925
5162
3313
8666
1649
3972
6608
4931
1147
1508
1259
1701
3985
6703
4559
5783
3904
1145
4391
5980
5014
4450
1455
4991
5349
7374
3618
5341
3517
6634
6981
6185
3778
7688
3036
3368
2144
1938
2416
7971
7282
4906
2979
2345
4007
2632
7756
3559
376
3285
5299
5322
4172
6310
4659
2500
6133
3886
4296
2428
3846
3116
6727
2422
6790
3361
5745
3484
5747
4735
1891
6631
6456
3722
4609
5324
7184
1596
4115
3797
3367
1388
1185
2280
3187
4069
4092
2030
3080
2289
2173
6963
1483
4802
7417
3490
3688
4115
2296
2820
5060
3981
3820
3488
2001
5970
6316
2189
6142
6214
7939
7343
4482
5835
4647
3875
5124
3435
5709
5629
7727
2330
3285
4421
5342
3991
2699
2836
3453
4450
2683
3262
3297
2338
5321
3080
7521
2611
1094
812
4307
574
1274
2130
1500
1711
2888
4908
2177
4111
2969
2025
1992
1537
1645
2039
4389
2652
2674
1653
4441
1540
1599
1242
3078
3036
2115
1920
1788
3572
3402
1418
7134
5273
7247
7497
2200
5745
4046
2379
3566
588
3255
6068
1869
3310
5701
9379
6059
2703
5060
5074
5754
2408
3162
5924
2683
7632
3073
1929
7530
4108
3642
4649
6502
5203
6426
3265
2825
7083
2557
4552
7606
1552
1774
6142
1014
5200
6372
4661
5845
2430
2520
7942
6014
3465
5396
2754
3692
2119
5610
2866
2617
6115
1541
2208
8292
1805
3237
1729
1173
4087
6030
5059
3994
5435
3096
1558
7010
3243
4152
3094
4024
977
5856
4108
2526
3280
1227
1363
2592
3474
7724
864
5304
1985
3090
5893
4112
6166
2454
3215
3644
2560
7646
2177
10102
3518
5290
3354
6720
1945
5684
2677
2970
3405
1997
678
1558
7136
3014
2873
4051
4950
6454
2308
4465
6355
4099
3413
4881
2806
7900
2570
3809
4017
3592
5262
2534
4246
5379
6971
3017
7071
5582
2297
8670
2433
4323
8319
6354
4842
5470
7230
1702
7345
4238
3948
2126
6436
2843
6441
5109
7356
4890
3206
5632
4689
5089
3428
4065
4891
3397
3563
4671
1404
4795
4613
4767
4525
3602
3918
5555
6424
5357
5107
4252
2991
5961
5823
7414
2576
7208
1805
5961
